{
 "cells": [
  {
   "cell_type": "code",
   "execution_count": 1,
   "metadata": {},
   "outputs": [],
   "source": [
    "import pandas as pd"
   ]
  },
  {
   "cell_type": "code",
   "execution_count": 2,
   "metadata": {},
   "outputs": [],
   "source": [
    "df = pd.read_excel (r'C:\\Users\\madhulika 1234\\Desktop\\baseball.xls')"
   ]
  },
  {
   "cell_type": "code",
   "execution_count": 3,
   "metadata": {},
   "outputs": [
    {
     "name": "stdout",
     "output_type": "stream",
     "text": [
      "     YEAR  ATL  CHC  CIN  LAD  PHI  PIT  SFG  STL    HOU    NYM    WAS    SDP  \\\n",
      "0    1901   28   18   38   32   24   29   19   39    NaN    NaN    NaN    NaN   \n",
      "1    1902   14    6   18   19    5   18    8   10    NaN    NaN    NaN    NaN   \n",
      "2    1903   25    9   28   15   12   34   20    8    NaN    NaN    NaN    NaN   \n",
      "3    1904   24   22   21   15   23   15   31   24    NaN    NaN    NaN    NaN   \n",
      "4    1905   17   12   27   29   16   22   39   20    NaN    NaN    NaN    NaN   \n",
      "..    ...  ...  ...  ...  ...  ...  ...  ...  ...    ...    ...    ...    ...   \n",
      "104  2005  184  194  222  149  167  139  128  170  161.0  175.0  117.0  130.0   \n",
      "105  2006  222  166  217  153  216  141  163  184  174.0  200.0  164.0  161.0   \n",
      "106  2007  176  151  204  129  213  148  131  141  167.0  177.0  123.0  171.0   \n",
      "107  2008  130  184  187  137  214  153   94  174  167.0  172.0  117.0  154.0   \n",
      "108  2009  149  161  158  145  224  125  141  160  142.0   95.0  156.0  122.0   \n",
      "\n",
      "       COL    FLA    ARI    MIL  \n",
      "0      NaN    NaN    NaN    NaN  \n",
      "1      NaN    NaN    NaN    NaN  \n",
      "2      NaN    NaN    NaN    NaN  \n",
      "3      NaN    NaN    NaN    NaN  \n",
      "4      NaN    NaN    NaN    NaN  \n",
      "..     ...    ...    ...    ...  \n",
      "104  150.0  128.0  191.0  175.0  \n",
      "105  157.0  182.0  160.0  180.0  \n",
      "106  171.0  201.0  171.0  231.0  \n",
      "107  160.0  208.0  159.0  198.0  \n",
      "108  190.0  159.0  173.0  182.0  \n",
      "\n",
      "[109 rows x 17 columns]\n"
     ]
    }
   ],
   "source": [
    "print(df)"
   ]
  },
  {
   "cell_type": "code",
   "execution_count": 4,
   "metadata": {},
   "outputs": [
    {
     "data": {
      "text/html": [
       "<div>\n",
       "<style scoped>\n",
       "    .dataframe tbody tr th:only-of-type {\n",
       "        vertical-align: middle;\n",
       "    }\n",
       "\n",
       "    .dataframe tbody tr th {\n",
       "        vertical-align: top;\n",
       "    }\n",
       "\n",
       "    .dataframe thead th {\n",
       "        text-align: right;\n",
       "    }\n",
       "</style>\n",
       "<table border=\"1\" class=\"dataframe\">\n",
       "  <thead>\n",
       "    <tr style=\"text-align: right;\">\n",
       "      <th></th>\n",
       "      <th>YEAR</th>\n",
       "      <th>ATL</th>\n",
       "      <th>CHC</th>\n",
       "      <th>CIN</th>\n",
       "      <th>LAD</th>\n",
       "      <th>PHI</th>\n",
       "      <th>PIT</th>\n",
       "      <th>SFG</th>\n",
       "      <th>STL</th>\n",
       "      <th>HOU</th>\n",
       "      <th>NYM</th>\n",
       "      <th>WAS</th>\n",
       "      <th>SDP</th>\n",
       "      <th>COL</th>\n",
       "      <th>FLA</th>\n",
       "      <th>ARI</th>\n",
       "      <th>MIL</th>\n",
       "    </tr>\n",
       "  </thead>\n",
       "  <tbody>\n",
       "    <tr>\n",
       "      <td>YEAR</td>\n",
       "      <td>1.000000</td>\n",
       "      <td>0.843446</td>\n",
       "      <td>0.824271</td>\n",
       "      <td>0.856685</td>\n",
       "      <td>0.745648</td>\n",
       "      <td>0.809049</td>\n",
       "      <td>0.857580</td>\n",
       "      <td>0.700136</td>\n",
       "      <td>0.721698</td>\n",
       "      <td>0.683447</td>\n",
       "      <td>0.653730</td>\n",
       "      <td>0.536664</td>\n",
       "      <td>0.612460</td>\n",
       "      <td>-0.084929</td>\n",
       "      <td>0.752472</td>\n",
       "      <td>-0.322179</td>\n",
       "      <td>0.405693</td>\n",
       "    </tr>\n",
       "    <tr>\n",
       "      <td>ATL</td>\n",
       "      <td>0.843446</td>\n",
       "      <td>1.000000</td>\n",
       "      <td>0.853186</td>\n",
       "      <td>0.911745</td>\n",
       "      <td>0.808904</td>\n",
       "      <td>0.747745</td>\n",
       "      <td>0.877939</td>\n",
       "      <td>0.809656</td>\n",
       "      <td>0.761041</td>\n",
       "      <td>0.633746</td>\n",
       "      <td>0.444015</td>\n",
       "      <td>0.670136</td>\n",
       "      <td>0.710667</td>\n",
       "      <td>0.315939</td>\n",
       "      <td>-0.018168</td>\n",
       "      <td>-0.086312</td>\n",
       "      <td>-0.095582</td>\n",
       "    </tr>\n",
       "    <tr>\n",
       "      <td>CHC</td>\n",
       "      <td>0.824271</td>\n",
       "      <td>0.853186</td>\n",
       "      <td>1.000000</td>\n",
       "      <td>0.861478</td>\n",
       "      <td>0.819090</td>\n",
       "      <td>0.831934</td>\n",
       "      <td>0.823044</td>\n",
       "      <td>0.825636</td>\n",
       "      <td>0.814179</td>\n",
       "      <td>0.728124</td>\n",
       "      <td>0.708531</td>\n",
       "      <td>0.548474</td>\n",
       "      <td>0.743007</td>\n",
       "      <td>0.145058</td>\n",
       "      <td>0.143741</td>\n",
       "      <td>-0.193991</td>\n",
       "      <td>-0.758709</td>\n",
       "    </tr>\n",
       "    <tr>\n",
       "      <td>CIN</td>\n",
       "      <td>0.856685</td>\n",
       "      <td>0.911745</td>\n",
       "      <td>0.861478</td>\n",
       "      <td>1.000000</td>\n",
       "      <td>0.804221</td>\n",
       "      <td>0.787195</td>\n",
       "      <td>0.866011</td>\n",
       "      <td>0.774959</td>\n",
       "      <td>0.771187</td>\n",
       "      <td>0.694032</td>\n",
       "      <td>0.676365</td>\n",
       "      <td>0.569468</td>\n",
       "      <td>0.680088</td>\n",
       "      <td>0.076719</td>\n",
       "      <td>0.578635</td>\n",
       "      <td>0.239144</td>\n",
       "      <td>0.217946</td>\n",
       "    </tr>\n",
       "    <tr>\n",
       "      <td>LAD</td>\n",
       "      <td>0.745648</td>\n",
       "      <td>0.808904</td>\n",
       "      <td>0.819090</td>\n",
       "      <td>0.804221</td>\n",
       "      <td>1.000000</td>\n",
       "      <td>0.743061</td>\n",
       "      <td>0.811220</td>\n",
       "      <td>0.784836</td>\n",
       "      <td>0.760106</td>\n",
       "      <td>0.595013</td>\n",
       "      <td>0.450928</td>\n",
       "      <td>0.709167</td>\n",
       "      <td>0.389414</td>\n",
       "      <td>0.447163</td>\n",
       "      <td>0.083308</td>\n",
       "      <td>0.325329</td>\n",
       "      <td>-0.357549</td>\n",
       "    </tr>\n",
       "    <tr>\n",
       "      <td>PHI</td>\n",
       "      <td>0.809049</td>\n",
       "      <td>0.747745</td>\n",
       "      <td>0.831934</td>\n",
       "      <td>0.787195</td>\n",
       "      <td>0.743061</td>\n",
       "      <td>1.000000</td>\n",
       "      <td>0.779334</td>\n",
       "      <td>0.693529</td>\n",
       "      <td>0.757913</td>\n",
       "      <td>0.593012</td>\n",
       "      <td>0.534730</td>\n",
       "      <td>0.497549</td>\n",
       "      <td>0.533827</td>\n",
       "      <td>-0.062286</td>\n",
       "      <td>0.663430</td>\n",
       "      <td>-0.352218</td>\n",
       "      <td>0.265593</td>\n",
       "    </tr>\n",
       "    <tr>\n",
       "      <td>PIT</td>\n",
       "      <td>0.857580</td>\n",
       "      <td>0.877939</td>\n",
       "      <td>0.823044</td>\n",
       "      <td>0.866011</td>\n",
       "      <td>0.811220</td>\n",
       "      <td>0.779334</td>\n",
       "      <td>1.000000</td>\n",
       "      <td>0.816509</td>\n",
       "      <td>0.739003</td>\n",
       "      <td>0.552569</td>\n",
       "      <td>0.423053</td>\n",
       "      <td>0.550944</td>\n",
       "      <td>0.494200</td>\n",
       "      <td>0.387726</td>\n",
       "      <td>0.624804</td>\n",
       "      <td>0.413134</td>\n",
       "      <td>0.338890</td>\n",
       "    </tr>\n",
       "    <tr>\n",
       "      <td>SFG</td>\n",
       "      <td>0.700136</td>\n",
       "      <td>0.809656</td>\n",
       "      <td>0.825636</td>\n",
       "      <td>0.774959</td>\n",
       "      <td>0.784836</td>\n",
       "      <td>0.693529</td>\n",
       "      <td>0.816509</td>\n",
       "      <td>1.000000</td>\n",
       "      <td>0.803247</td>\n",
       "      <td>0.571918</td>\n",
       "      <td>0.502472</td>\n",
       "      <td>0.660890</td>\n",
       "      <td>0.641150</td>\n",
       "      <td>0.338211</td>\n",
       "      <td>-0.101087</td>\n",
       "      <td>0.289068</td>\n",
       "      <td>-0.242134</td>\n",
       "    </tr>\n",
       "    <tr>\n",
       "      <td>STL</td>\n",
       "      <td>0.721698</td>\n",
       "      <td>0.761041</td>\n",
       "      <td>0.814179</td>\n",
       "      <td>0.771187</td>\n",
       "      <td>0.760106</td>\n",
       "      <td>0.757913</td>\n",
       "      <td>0.739003</td>\n",
       "      <td>0.803247</td>\n",
       "      <td>1.000000</td>\n",
       "      <td>0.825118</td>\n",
       "      <td>0.578589</td>\n",
       "      <td>0.754685</td>\n",
       "      <td>0.690124</td>\n",
       "      <td>0.169142</td>\n",
       "      <td>0.251334</td>\n",
       "      <td>-0.085885</td>\n",
       "      <td>-0.477779</td>\n",
       "    </tr>\n",
       "    <tr>\n",
       "      <td>HOU</td>\n",
       "      <td>0.683447</td>\n",
       "      <td>0.633746</td>\n",
       "      <td>0.728124</td>\n",
       "      <td>0.694032</td>\n",
       "      <td>0.595013</td>\n",
       "      <td>0.593012</td>\n",
       "      <td>0.552569</td>\n",
       "      <td>0.571918</td>\n",
       "      <td>0.825118</td>\n",
       "      <td>1.000000</td>\n",
       "      <td>0.719808</td>\n",
       "      <td>0.648380</td>\n",
       "      <td>0.769905</td>\n",
       "      <td>-0.025811</td>\n",
       "      <td>0.383236</td>\n",
       "      <td>0.087292</td>\n",
       "      <td>0.078284</td>\n",
       "    </tr>\n",
       "    <tr>\n",
       "      <td>NYM</td>\n",
       "      <td>0.653730</td>\n",
       "      <td>0.444015</td>\n",
       "      <td>0.708531</td>\n",
       "      <td>0.676365</td>\n",
       "      <td>0.450928</td>\n",
       "      <td>0.534730</td>\n",
       "      <td>0.423053</td>\n",
       "      <td>0.502472</td>\n",
       "      <td>0.578589</td>\n",
       "      <td>0.719808</td>\n",
       "      <td>1.000000</td>\n",
       "      <td>0.470837</td>\n",
       "      <td>0.706585</td>\n",
       "      <td>-0.124957</td>\n",
       "      <td>0.323905</td>\n",
       "      <td>0.047831</td>\n",
       "      <td>-0.092430</td>\n",
       "    </tr>\n",
       "    <tr>\n",
       "      <td>WAS</td>\n",
       "      <td>0.536664</td>\n",
       "      <td>0.670136</td>\n",
       "      <td>0.548474</td>\n",
       "      <td>0.569468</td>\n",
       "      <td>0.709167</td>\n",
       "      <td>0.497549</td>\n",
       "      <td>0.550944</td>\n",
       "      <td>0.660890</td>\n",
       "      <td>0.754685</td>\n",
       "      <td>0.648380</td>\n",
       "      <td>0.470837</td>\n",
       "      <td>1.000000</td>\n",
       "      <td>0.603712</td>\n",
       "      <td>0.416194</td>\n",
       "      <td>0.105643</td>\n",
       "      <td>-0.037946</td>\n",
       "      <td>-0.521504</td>\n",
       "    </tr>\n",
       "    <tr>\n",
       "      <td>SDP</td>\n",
       "      <td>0.612460</td>\n",
       "      <td>0.710667</td>\n",
       "      <td>0.743007</td>\n",
       "      <td>0.680088</td>\n",
       "      <td>0.389414</td>\n",
       "      <td>0.533827</td>\n",
       "      <td>0.494200</td>\n",
       "      <td>0.641150</td>\n",
       "      <td>0.690124</td>\n",
       "      <td>0.769905</td>\n",
       "      <td>0.706585</td>\n",
       "      <td>0.603712</td>\n",
       "      <td>1.000000</td>\n",
       "      <td>0.235121</td>\n",
       "      <td>0.414293</td>\n",
       "      <td>0.164759</td>\n",
       "      <td>0.321449</td>\n",
       "    </tr>\n",
       "    <tr>\n",
       "      <td>COL</td>\n",
       "      <td>-0.084929</td>\n",
       "      <td>0.315939</td>\n",
       "      <td>0.145058</td>\n",
       "      <td>0.076719</td>\n",
       "      <td>0.447163</td>\n",
       "      <td>-0.062286</td>\n",
       "      <td>0.387726</td>\n",
       "      <td>0.338211</td>\n",
       "      <td>0.169142</td>\n",
       "      <td>-0.025811</td>\n",
       "      <td>-0.124957</td>\n",
       "      <td>0.416194</td>\n",
       "      <td>0.235121</td>\n",
       "      <td>1.000000</td>\n",
       "      <td>0.132436</td>\n",
       "      <td>0.298840</td>\n",
       "      <td>0.010553</td>\n",
       "    </tr>\n",
       "    <tr>\n",
       "      <td>FLA</td>\n",
       "      <td>0.752472</td>\n",
       "      <td>-0.018168</td>\n",
       "      <td>0.143741</td>\n",
       "      <td>0.578635</td>\n",
       "      <td>0.083308</td>\n",
       "      <td>0.663430</td>\n",
       "      <td>0.624804</td>\n",
       "      <td>-0.101087</td>\n",
       "      <td>0.251334</td>\n",
       "      <td>0.383236</td>\n",
       "      <td>0.323905</td>\n",
       "      <td>0.105643</td>\n",
       "      <td>0.414293</td>\n",
       "      <td>0.132436</td>\n",
       "      <td>1.000000</td>\n",
       "      <td>-0.208451</td>\n",
       "      <td>0.686641</td>\n",
       "    </tr>\n",
       "    <tr>\n",
       "      <td>ARI</td>\n",
       "      <td>-0.322179</td>\n",
       "      <td>-0.086312</td>\n",
       "      <td>-0.193991</td>\n",
       "      <td>0.239144</td>\n",
       "      <td>0.325329</td>\n",
       "      <td>-0.352218</td>\n",
       "      <td>0.413134</td>\n",
       "      <td>0.289068</td>\n",
       "      <td>-0.085885</td>\n",
       "      <td>0.087292</td>\n",
       "      <td>0.047831</td>\n",
       "      <td>-0.037946</td>\n",
       "      <td>0.164759</td>\n",
       "      <td>0.298840</td>\n",
       "      <td>-0.208451</td>\n",
       "      <td>1.000000</td>\n",
       "      <td>0.275876</td>\n",
       "    </tr>\n",
       "    <tr>\n",
       "      <td>MIL</td>\n",
       "      <td>0.405693</td>\n",
       "      <td>-0.095582</td>\n",
       "      <td>-0.758709</td>\n",
       "      <td>0.217946</td>\n",
       "      <td>-0.357549</td>\n",
       "      <td>0.265593</td>\n",
       "      <td>0.338890</td>\n",
       "      <td>-0.242134</td>\n",
       "      <td>-0.477779</td>\n",
       "      <td>0.078284</td>\n",
       "      <td>-0.092430</td>\n",
       "      <td>-0.521504</td>\n",
       "      <td>0.321449</td>\n",
       "      <td>0.010553</td>\n",
       "      <td>0.686641</td>\n",
       "      <td>0.275876</td>\n",
       "      <td>1.000000</td>\n",
       "    </tr>\n",
       "  </tbody>\n",
       "</table>\n",
       "</div>"
      ],
      "text/plain": [
       "          YEAR       ATL       CHC       CIN       LAD       PHI       PIT  \\\n",
       "YEAR  1.000000  0.843446  0.824271  0.856685  0.745648  0.809049  0.857580   \n",
       "ATL   0.843446  1.000000  0.853186  0.911745  0.808904  0.747745  0.877939   \n",
       "CHC   0.824271  0.853186  1.000000  0.861478  0.819090  0.831934  0.823044   \n",
       "CIN   0.856685  0.911745  0.861478  1.000000  0.804221  0.787195  0.866011   \n",
       "LAD   0.745648  0.808904  0.819090  0.804221  1.000000  0.743061  0.811220   \n",
       "PHI   0.809049  0.747745  0.831934  0.787195  0.743061  1.000000  0.779334   \n",
       "PIT   0.857580  0.877939  0.823044  0.866011  0.811220  0.779334  1.000000   \n",
       "SFG   0.700136  0.809656  0.825636  0.774959  0.784836  0.693529  0.816509   \n",
       "STL   0.721698  0.761041  0.814179  0.771187  0.760106  0.757913  0.739003   \n",
       "HOU   0.683447  0.633746  0.728124  0.694032  0.595013  0.593012  0.552569   \n",
       "NYM   0.653730  0.444015  0.708531  0.676365  0.450928  0.534730  0.423053   \n",
       "WAS   0.536664  0.670136  0.548474  0.569468  0.709167  0.497549  0.550944   \n",
       "SDP   0.612460  0.710667  0.743007  0.680088  0.389414  0.533827  0.494200   \n",
       "COL  -0.084929  0.315939  0.145058  0.076719  0.447163 -0.062286  0.387726   \n",
       "FLA   0.752472 -0.018168  0.143741  0.578635  0.083308  0.663430  0.624804   \n",
       "ARI  -0.322179 -0.086312 -0.193991  0.239144  0.325329 -0.352218  0.413134   \n",
       "MIL   0.405693 -0.095582 -0.758709  0.217946 -0.357549  0.265593  0.338890   \n",
       "\n",
       "           SFG       STL       HOU       NYM       WAS       SDP       COL  \\\n",
       "YEAR  0.700136  0.721698  0.683447  0.653730  0.536664  0.612460 -0.084929   \n",
       "ATL   0.809656  0.761041  0.633746  0.444015  0.670136  0.710667  0.315939   \n",
       "CHC   0.825636  0.814179  0.728124  0.708531  0.548474  0.743007  0.145058   \n",
       "CIN   0.774959  0.771187  0.694032  0.676365  0.569468  0.680088  0.076719   \n",
       "LAD   0.784836  0.760106  0.595013  0.450928  0.709167  0.389414  0.447163   \n",
       "PHI   0.693529  0.757913  0.593012  0.534730  0.497549  0.533827 -0.062286   \n",
       "PIT   0.816509  0.739003  0.552569  0.423053  0.550944  0.494200  0.387726   \n",
       "SFG   1.000000  0.803247  0.571918  0.502472  0.660890  0.641150  0.338211   \n",
       "STL   0.803247  1.000000  0.825118  0.578589  0.754685  0.690124  0.169142   \n",
       "HOU   0.571918  0.825118  1.000000  0.719808  0.648380  0.769905 -0.025811   \n",
       "NYM   0.502472  0.578589  0.719808  1.000000  0.470837  0.706585 -0.124957   \n",
       "WAS   0.660890  0.754685  0.648380  0.470837  1.000000  0.603712  0.416194   \n",
       "SDP   0.641150  0.690124  0.769905  0.706585  0.603712  1.000000  0.235121   \n",
       "COL   0.338211  0.169142 -0.025811 -0.124957  0.416194  0.235121  1.000000   \n",
       "FLA  -0.101087  0.251334  0.383236  0.323905  0.105643  0.414293  0.132436   \n",
       "ARI   0.289068 -0.085885  0.087292  0.047831 -0.037946  0.164759  0.298840   \n",
       "MIL  -0.242134 -0.477779  0.078284 -0.092430 -0.521504  0.321449  0.010553   \n",
       "\n",
       "           FLA       ARI       MIL  \n",
       "YEAR  0.752472 -0.322179  0.405693  \n",
       "ATL  -0.018168 -0.086312 -0.095582  \n",
       "CHC   0.143741 -0.193991 -0.758709  \n",
       "CIN   0.578635  0.239144  0.217946  \n",
       "LAD   0.083308  0.325329 -0.357549  \n",
       "PHI   0.663430 -0.352218  0.265593  \n",
       "PIT   0.624804  0.413134  0.338890  \n",
       "SFG  -0.101087  0.289068 -0.242134  \n",
       "STL   0.251334 -0.085885 -0.477779  \n",
       "HOU   0.383236  0.087292  0.078284  \n",
       "NYM   0.323905  0.047831 -0.092430  \n",
       "WAS   0.105643 -0.037946 -0.521504  \n",
       "SDP   0.414293  0.164759  0.321449  \n",
       "COL   0.132436  0.298840  0.010553  \n",
       "FLA   1.000000 -0.208451  0.686641  \n",
       "ARI  -0.208451  1.000000  0.275876  \n",
       "MIL   0.686641  0.275876  1.000000  "
      ]
     },
     "execution_count": 4,
     "metadata": {},
     "output_type": "execute_result"
    }
   ],
   "source": [
    "df.corr()"
   ]
  },
  {
   "cell_type": "code",
   "execution_count": 5,
   "metadata": {},
   "outputs": [
    {
     "data": {
      "text/html": [
       "<div>\n",
       "<style scoped>\n",
       "    .dataframe tbody tr th:only-of-type {\n",
       "        vertical-align: middle;\n",
       "    }\n",
       "\n",
       "    .dataframe tbody tr th {\n",
       "        vertical-align: top;\n",
       "    }\n",
       "\n",
       "    .dataframe thead th {\n",
       "        text-align: right;\n",
       "    }\n",
       "</style>\n",
       "<table border=\"1\" class=\"dataframe\">\n",
       "  <thead>\n",
       "    <tr style=\"text-align: right;\">\n",
       "      <th></th>\n",
       "      <th>YEAR</th>\n",
       "      <th>ATL</th>\n",
       "      <th>CHC</th>\n",
       "      <th>CIN</th>\n",
       "      <th>LAD</th>\n",
       "      <th>PHI</th>\n",
       "      <th>PIT</th>\n",
       "      <th>SFG</th>\n",
       "      <th>STL</th>\n",
       "      <th>HOU</th>\n",
       "      <th>NYM</th>\n",
       "      <th>WAS</th>\n",
       "      <th>SDP</th>\n",
       "      <th>COL</th>\n",
       "      <th>FLA</th>\n",
       "      <th>ARI</th>\n",
       "      <th>MIL</th>\n",
       "    </tr>\n",
       "  </thead>\n",
       "  <tbody>\n",
       "    <tr>\n",
       "      <td>YEAR</td>\n",
       "      <td>999.166667</td>\n",
       "      <td>1692.898148</td>\n",
       "      <td>1429.435185</td>\n",
       "      <td>1681.972222</td>\n",
       "      <td>1307.722222</td>\n",
       "      <td>1258.629630</td>\n",
       "      <td>1237.351852</td>\n",
       "      <td>1202.379630</td>\n",
       "      <td>1125.675926</td>\n",
       "      <td>423.000000</td>\n",
       "      <td>344.468085</td>\n",
       "      <td>162.075000</td>\n",
       "      <td>239.550000</td>\n",
       "      <td>-13.937500</td>\n",
       "      <td>120.875000</td>\n",
       "      <td>-27.000000</td>\n",
       "      <td>41.227273</td>\n",
       "    </tr>\n",
       "    <tr>\n",
       "      <td>ATL</td>\n",
       "      <td>1692.898148</td>\n",
       "      <td>4031.890248</td>\n",
       "      <td>2972.171254</td>\n",
       "      <td>3595.890503</td>\n",
       "      <td>2849.799185</td>\n",
       "      <td>2336.749490</td>\n",
       "      <td>2544.592253</td>\n",
       "      <td>2793.154944</td>\n",
       "      <td>2384.520387</td>\n",
       "      <td>1035.390957</td>\n",
       "      <td>617.591312</td>\n",
       "      <td>614.964024</td>\n",
       "      <td>844.612805</td>\n",
       "      <td>287.253676</td>\n",
       "      <td>-16.169118</td>\n",
       "      <td>-60.303030</td>\n",
       "      <td>-80.977273</td>\n",
       "    </tr>\n",
       "    <tr>\n",
       "      <td>CHC</td>\n",
       "      <td>1429.435185</td>\n",
       "      <td>2972.171254</td>\n",
       "      <td>3009.892796</td>\n",
       "      <td>2935.610771</td>\n",
       "      <td>2493.271322</td>\n",
       "      <td>2246.306150</td>\n",
       "      <td>2061.096075</td>\n",
       "      <td>2460.958121</td>\n",
       "      <td>2204.115104</td>\n",
       "      <td>1188.893617</td>\n",
       "      <td>984.943262</td>\n",
       "      <td>547.688415</td>\n",
       "      <td>960.892683</td>\n",
       "      <td>142.709559</td>\n",
       "      <td>138.422794</td>\n",
       "      <td>-104.090909</td>\n",
       "      <td>-493.659091</td>\n",
       "    </tr>\n",
       "    <tr>\n",
       "      <td>CIN</td>\n",
       "      <td>1681.972222</td>\n",
       "      <td>3595.890503</td>\n",
       "      <td>2935.610771</td>\n",
       "      <td>3857.957356</td>\n",
       "      <td>2771.513846</td>\n",
       "      <td>2406.384811</td>\n",
       "      <td>2455.284319</td>\n",
       "      <td>2615.156218</td>\n",
       "      <td>2363.616803</td>\n",
       "      <td>1127.875000</td>\n",
       "      <td>935.788121</td>\n",
       "      <td>543.691463</td>\n",
       "      <td>840.918293</td>\n",
       "      <td>74.676471</td>\n",
       "      <td>551.319853</td>\n",
       "      <td>138.363636</td>\n",
       "      <td>152.909091</td>\n",
       "    </tr>\n",
       "    <tr>\n",
       "      <td>LAD</td>\n",
       "      <td>1307.722222</td>\n",
       "      <td>2849.799185</td>\n",
       "      <td>2493.271322</td>\n",
       "      <td>2771.513846</td>\n",
       "      <td>3078.401971</td>\n",
       "      <td>2029.042898</td>\n",
       "      <td>2054.476130</td>\n",
       "      <td>2365.819997</td>\n",
       "      <td>2081.015545</td>\n",
       "      <td>964.329787</td>\n",
       "      <td>622.187943</td>\n",
       "      <td>630.475610</td>\n",
       "      <td>448.370122</td>\n",
       "      <td>426.687500</td>\n",
       "      <td>77.812500</td>\n",
       "      <td>232.303030</td>\n",
       "      <td>-309.590909</td>\n",
       "    </tr>\n",
       "    <tr>\n",
       "      <td>PHI</td>\n",
       "      <td>1258.629630</td>\n",
       "      <td>2336.749490</td>\n",
       "      <td>2246.306150</td>\n",
       "      <td>2406.384811</td>\n",
       "      <td>2029.042898</td>\n",
       "      <td>2422.192321</td>\n",
       "      <td>1750.764016</td>\n",
       "      <td>1854.423378</td>\n",
       "      <td>1840.612725</td>\n",
       "      <td>964.875000</td>\n",
       "      <td>740.724291</td>\n",
       "      <td>486.983537</td>\n",
       "      <td>676.681707</td>\n",
       "      <td>-89.025735</td>\n",
       "      <td>928.183824</td>\n",
       "      <td>-271.545455</td>\n",
       "      <td>248.295455</td>\n",
       "    </tr>\n",
       "    <tr>\n",
       "      <td>PIT</td>\n",
       "      <td>1237.351852</td>\n",
       "      <td>2544.592253</td>\n",
       "      <td>2061.096075</td>\n",
       "      <td>2455.284319</td>\n",
       "      <td>2054.476130</td>\n",
       "      <td>1750.764016</td>\n",
       "      <td>2083.527863</td>\n",
       "      <td>2024.887190</td>\n",
       "      <td>1664.504162</td>\n",
       "      <td>614.465426</td>\n",
       "      <td>400.516844</td>\n",
       "      <td>344.498780</td>\n",
       "      <td>400.209756</td>\n",
       "      <td>299.459559</td>\n",
       "      <td>472.360294</td>\n",
       "      <td>177.030303</td>\n",
       "      <td>176.090909</td>\n",
       "    </tr>\n",
       "    <tr>\n",
       "      <td>SFG</td>\n",
       "      <td>1202.379630</td>\n",
       "      <td>2793.154944</td>\n",
       "      <td>2460.958121</td>\n",
       "      <td>2615.156218</td>\n",
       "      <td>2365.819997</td>\n",
       "      <td>1854.423378</td>\n",
       "      <td>2024.887190</td>\n",
       "      <td>2951.756201</td>\n",
       "      <td>2153.416752</td>\n",
       "      <td>972.053191</td>\n",
       "      <td>727.081560</td>\n",
       "      <td>642.607927</td>\n",
       "      <td>807.386585</td>\n",
       "      <td>398.955882</td>\n",
       "      <td>-116.720588</td>\n",
       "      <td>277.454545</td>\n",
       "      <td>-281.818182</td>\n",
       "    </tr>\n",
       "    <tr>\n",
       "      <td>STL</td>\n",
       "      <td>1125.675926</td>\n",
       "      <td>2384.520387</td>\n",
       "      <td>2204.115104</td>\n",
       "      <td>2363.616803</td>\n",
       "      <td>2081.015545</td>\n",
       "      <td>1840.612725</td>\n",
       "      <td>1664.504162</td>\n",
       "      <td>2153.416752</td>\n",
       "      <td>2434.879884</td>\n",
       "      <td>1770.611702</td>\n",
       "      <td>1057.040780</td>\n",
       "      <td>988.887195</td>\n",
       "      <td>1171.152439</td>\n",
       "      <td>213.845588</td>\n",
       "      <td>311.040441</td>\n",
       "      <td>-53.909091</td>\n",
       "      <td>-363.659091</td>\n",
       "    </tr>\n",
       "    <tr>\n",
       "      <td>HOU</td>\n",
       "      <td>423.000000</td>\n",
       "      <td>1035.390957</td>\n",
       "      <td>1188.893617</td>\n",
       "      <td>1127.875000</td>\n",
       "      <td>964.329787</td>\n",
       "      <td>964.875000</td>\n",
       "      <td>614.465426</td>\n",
       "      <td>972.053191</td>\n",
       "      <td>1770.611702</td>\n",
       "      <td>1954.409574</td>\n",
       "      <td>1197.696809</td>\n",
       "      <td>737.593293</td>\n",
       "      <td>1134.303659</td>\n",
       "      <td>-28.808824</td>\n",
       "      <td>418.705882</td>\n",
       "      <td>56.030303</td>\n",
       "      <td>60.931818</td>\n",
       "    </tr>\n",
       "    <tr>\n",
       "      <td>NYM</td>\n",
       "      <td>344.468085</td>\n",
       "      <td>617.591312</td>\n",
       "      <td>984.943262</td>\n",
       "      <td>935.788121</td>\n",
       "      <td>622.187943</td>\n",
       "      <td>740.724291</td>\n",
       "      <td>400.516844</td>\n",
       "      <td>727.081560</td>\n",
       "      <td>1057.040780</td>\n",
       "      <td>1197.696809</td>\n",
       "      <td>1416.593972</td>\n",
       "      <td>457.946951</td>\n",
       "      <td>890.049390</td>\n",
       "      <td>-120.301471</td>\n",
       "      <td>305.242647</td>\n",
       "      <td>35.090909</td>\n",
       "      <td>-82.227273</td>\n",
       "    </tr>\n",
       "    <tr>\n",
       "      <td>WAS</td>\n",
       "      <td>162.075000</td>\n",
       "      <td>614.964024</td>\n",
       "      <td>547.688415</td>\n",
       "      <td>543.691463</td>\n",
       "      <td>630.475610</td>\n",
       "      <td>486.983537</td>\n",
       "      <td>344.498780</td>\n",
       "      <td>642.607927</td>\n",
       "      <td>988.887195</td>\n",
       "      <td>737.593293</td>\n",
       "      <td>457.946951</td>\n",
       "      <td>635.587805</td>\n",
       "      <td>496.947561</td>\n",
       "      <td>297.180147</td>\n",
       "      <td>73.838235</td>\n",
       "      <td>-17.757576</td>\n",
       "      <td>-295.931818</td>\n",
       "    </tr>\n",
       "    <tr>\n",
       "      <td>SDP</td>\n",
       "      <td>239.550000</td>\n",
       "      <td>844.612805</td>\n",
       "      <td>960.892683</td>\n",
       "      <td>840.918293</td>\n",
       "      <td>448.370122</td>\n",
       "      <td>676.681707</td>\n",
       "      <td>400.209756</td>\n",
       "      <td>807.386585</td>\n",
       "      <td>1171.152439</td>\n",
       "      <td>1134.303659</td>\n",
       "      <td>890.049390</td>\n",
       "      <td>496.947561</td>\n",
       "      <td>1066.069512</td>\n",
       "      <td>158.080882</td>\n",
       "      <td>272.654412</td>\n",
       "      <td>63.181818</td>\n",
       "      <td>149.477273</td>\n",
       "    </tr>\n",
       "    <tr>\n",
       "      <td>COL</td>\n",
       "      <td>-13.937500</td>\n",
       "      <td>287.253676</td>\n",
       "      <td>142.709559</td>\n",
       "      <td>74.676471</td>\n",
       "      <td>426.687500</td>\n",
       "      <td>-89.025735</td>\n",
       "      <td>299.459559</td>\n",
       "      <td>398.955882</td>\n",
       "      <td>213.845588</td>\n",
       "      <td>-28.808824</td>\n",
       "      <td>-120.301471</td>\n",
       "      <td>297.180147</td>\n",
       "      <td>158.080882</td>\n",
       "      <td>1056.132353</td>\n",
       "      <td>136.911765</td>\n",
       "      <td>174.090909</td>\n",
       "      <td>7.454545</td>\n",
       "    </tr>\n",
       "    <tr>\n",
       "      <td>FLA</td>\n",
       "      <td>120.875000</td>\n",
       "      <td>-16.169118</td>\n",
       "      <td>138.422794</td>\n",
       "      <td>551.319853</td>\n",
       "      <td>77.812500</td>\n",
       "      <td>928.183824</td>\n",
       "      <td>472.360294</td>\n",
       "      <td>-116.720588</td>\n",
       "      <td>311.040441</td>\n",
       "      <td>418.705882</td>\n",
       "      <td>305.242647</td>\n",
       "      <td>73.838235</td>\n",
       "      <td>272.654412</td>\n",
       "      <td>136.911765</td>\n",
       "      <td>1011.933824</td>\n",
       "      <td>-138.393939</td>\n",
       "      <td>552.795455</td>\n",
       "    </tr>\n",
       "    <tr>\n",
       "      <td>ARI</td>\n",
       "      <td>-27.000000</td>\n",
       "      <td>-60.303030</td>\n",
       "      <td>-104.090909</td>\n",
       "      <td>138.363636</td>\n",
       "      <td>232.303030</td>\n",
       "      <td>-271.545455</td>\n",
       "      <td>177.030303</td>\n",
       "      <td>277.454545</td>\n",
       "      <td>-53.909091</td>\n",
       "      <td>56.030303</td>\n",
       "      <td>35.090909</td>\n",
       "      <td>-17.757576</td>\n",
       "      <td>63.181818</td>\n",
       "      <td>174.090909</td>\n",
       "      <td>-138.393939</td>\n",
       "      <td>540.242424</td>\n",
       "      <td>180.727273</td>\n",
       "    </tr>\n",
       "    <tr>\n",
       "      <td>MIL</td>\n",
       "      <td>41.227273</td>\n",
       "      <td>-80.977273</td>\n",
       "      <td>-493.659091</td>\n",
       "      <td>152.909091</td>\n",
       "      <td>-309.590909</td>\n",
       "      <td>248.295455</td>\n",
       "      <td>176.090909</td>\n",
       "      <td>-281.818182</td>\n",
       "      <td>-363.659091</td>\n",
       "      <td>60.931818</td>\n",
       "      <td>-82.227273</td>\n",
       "      <td>-295.931818</td>\n",
       "      <td>149.477273</td>\n",
       "      <td>7.454545</td>\n",
       "      <td>552.795455</td>\n",
       "      <td>180.727273</td>\n",
       "      <td>794.386364</td>\n",
       "    </tr>\n",
       "  </tbody>\n",
       "</table>\n",
       "</div>"
      ],
      "text/plain": [
       "             YEAR          ATL          CHC          CIN          LAD  \\\n",
       "YEAR   999.166667  1692.898148  1429.435185  1681.972222  1307.722222   \n",
       "ATL   1692.898148  4031.890248  2972.171254  3595.890503  2849.799185   \n",
       "CHC   1429.435185  2972.171254  3009.892796  2935.610771  2493.271322   \n",
       "CIN   1681.972222  3595.890503  2935.610771  3857.957356  2771.513846   \n",
       "LAD   1307.722222  2849.799185  2493.271322  2771.513846  3078.401971   \n",
       "PHI   1258.629630  2336.749490  2246.306150  2406.384811  2029.042898   \n",
       "PIT   1237.351852  2544.592253  2061.096075  2455.284319  2054.476130   \n",
       "SFG   1202.379630  2793.154944  2460.958121  2615.156218  2365.819997   \n",
       "STL   1125.675926  2384.520387  2204.115104  2363.616803  2081.015545   \n",
       "HOU    423.000000  1035.390957  1188.893617  1127.875000   964.329787   \n",
       "NYM    344.468085   617.591312   984.943262   935.788121   622.187943   \n",
       "WAS    162.075000   614.964024   547.688415   543.691463   630.475610   \n",
       "SDP    239.550000   844.612805   960.892683   840.918293   448.370122   \n",
       "COL    -13.937500   287.253676   142.709559    74.676471   426.687500   \n",
       "FLA    120.875000   -16.169118   138.422794   551.319853    77.812500   \n",
       "ARI    -27.000000   -60.303030  -104.090909   138.363636   232.303030   \n",
       "MIL     41.227273   -80.977273  -493.659091   152.909091  -309.590909   \n",
       "\n",
       "              PHI          PIT          SFG          STL          HOU  \\\n",
       "YEAR  1258.629630  1237.351852  1202.379630  1125.675926   423.000000   \n",
       "ATL   2336.749490  2544.592253  2793.154944  2384.520387  1035.390957   \n",
       "CHC   2246.306150  2061.096075  2460.958121  2204.115104  1188.893617   \n",
       "CIN   2406.384811  2455.284319  2615.156218  2363.616803  1127.875000   \n",
       "LAD   2029.042898  2054.476130  2365.819997  2081.015545   964.329787   \n",
       "PHI   2422.192321  1750.764016  1854.423378  1840.612725   964.875000   \n",
       "PIT   1750.764016  2083.527863  2024.887190  1664.504162   614.465426   \n",
       "SFG   1854.423378  2024.887190  2951.756201  2153.416752   972.053191   \n",
       "STL   1840.612725  1664.504162  2153.416752  2434.879884  1770.611702   \n",
       "HOU    964.875000   614.465426   972.053191  1770.611702  1954.409574   \n",
       "NYM    740.724291   400.516844   727.081560  1057.040780  1197.696809   \n",
       "WAS    486.983537   344.498780   642.607927   988.887195   737.593293   \n",
       "SDP    676.681707   400.209756   807.386585  1171.152439  1134.303659   \n",
       "COL    -89.025735   299.459559   398.955882   213.845588   -28.808824   \n",
       "FLA    928.183824   472.360294  -116.720588   311.040441   418.705882   \n",
       "ARI   -271.545455   177.030303   277.454545   -53.909091    56.030303   \n",
       "MIL    248.295455   176.090909  -281.818182  -363.659091    60.931818   \n",
       "\n",
       "              NYM         WAS          SDP          COL          FLA  \\\n",
       "YEAR   344.468085  162.075000   239.550000   -13.937500   120.875000   \n",
       "ATL    617.591312  614.964024   844.612805   287.253676   -16.169118   \n",
       "CHC    984.943262  547.688415   960.892683   142.709559   138.422794   \n",
       "CIN    935.788121  543.691463   840.918293    74.676471   551.319853   \n",
       "LAD    622.187943  630.475610   448.370122   426.687500    77.812500   \n",
       "PHI    740.724291  486.983537   676.681707   -89.025735   928.183824   \n",
       "PIT    400.516844  344.498780   400.209756   299.459559   472.360294   \n",
       "SFG    727.081560  642.607927   807.386585   398.955882  -116.720588   \n",
       "STL   1057.040780  988.887195  1171.152439   213.845588   311.040441   \n",
       "HOU   1197.696809  737.593293  1134.303659   -28.808824   418.705882   \n",
       "NYM   1416.593972  457.946951   890.049390  -120.301471   305.242647   \n",
       "WAS    457.946951  635.587805   496.947561   297.180147    73.838235   \n",
       "SDP    890.049390  496.947561  1066.069512   158.080882   272.654412   \n",
       "COL   -120.301471  297.180147   158.080882  1056.132353   136.911765   \n",
       "FLA    305.242647   73.838235   272.654412   136.911765  1011.933824   \n",
       "ARI     35.090909  -17.757576    63.181818   174.090909  -138.393939   \n",
       "MIL    -82.227273 -295.931818   149.477273     7.454545   552.795455   \n",
       "\n",
       "             ARI         MIL  \n",
       "YEAR  -27.000000   41.227273  \n",
       "ATL   -60.303030  -80.977273  \n",
       "CHC  -104.090909 -493.659091  \n",
       "CIN   138.363636  152.909091  \n",
       "LAD   232.303030 -309.590909  \n",
       "PHI  -271.545455  248.295455  \n",
       "PIT   177.030303  176.090909  \n",
       "SFG   277.454545 -281.818182  \n",
       "STL   -53.909091 -363.659091  \n",
       "HOU    56.030303   60.931818  \n",
       "NYM    35.090909  -82.227273  \n",
       "WAS   -17.757576 -295.931818  \n",
       "SDP    63.181818  149.477273  \n",
       "COL   174.090909    7.454545  \n",
       "FLA  -138.393939  552.795455  \n",
       "ARI   540.242424  180.727273  \n",
       "MIL   180.727273  794.386364  "
      ]
     },
     "execution_count": 5,
     "metadata": {},
     "output_type": "execute_result"
    }
   ],
   "source": [
    "df.cov()"
   ]
  },
  {
   "cell_type": "code",
   "execution_count": 6,
   "metadata": {},
   "outputs": [],
   "source": [
    "X = df[['YEAR','ATL','CHC']]"
   ]
  },
  {
   "cell_type": "code",
   "execution_count": 7,
   "metadata": {},
   "outputs": [],
   "source": [
    "Y = df[['WAS']]"
   ]
  },
  {
   "cell_type": "code",
   "execution_count": 8,
   "metadata": {},
   "outputs": [
    {
     "name": "stdout",
     "output_type": "stream",
     "text": [
      "     YEAR  ATL  CHC\n",
      "0    1901   28   18\n",
      "1    1902   14    6\n",
      "2    1903   25    9\n",
      "3    1904   24   22\n",
      "4    1905   17   12\n",
      "..    ...  ...  ...\n",
      "104  2005  184  194\n",
      "105  2006  222  166\n",
      "106  2007  176  151\n",
      "107  2008  130  184\n",
      "108  2009  149  161\n",
      "\n",
      "[109 rows x 3 columns]\n"
     ]
    }
   ],
   "source": [
    "from numpy import array\n",
    "from scipy.linalg import svd\n",
    "print(X)\n",
    "U, s, VT = svd(X)"
   ]
  },
  {
   "cell_type": "code",
   "execution_count": 9,
   "metadata": {},
